1184816 1144959
1201051 946785
1916652 1747576
1955669 750540
1681939 88913
1236689 1198722
1857673 492472
1806415 925403
1217845 690194
1048375 221929
1739773 586282
1233126 804817
1283202 370960
1060557 43938
1530498 897321
1706267 631389
1119252 709452
1942832 68789
1022437 100011
1330691 1283777
1593554 225499
1500828 1033690
1053361 311202
1476646 26446
1024456 549786
1253806 332503
1892985 1030987
1945902 285633
1356025 938415
1758577 1731783
1945519 842515
1918252 932808
1174482 1025163
1268770 797810
1799544 756320
1400389 1199060
1831067 1537097
1613273 89027
1713993 917951
1961337 1709608
1099006 731551
1656796 1301822
1933552 488387
1623143 1581268
1943133 635535
1323827 846091
1985101 1260988
1432483 819343
1881848 444377
1744667 649193
1057550 281857
1513952 40633
1791108 589192
1573363 1467967
1800223 113361
1589217 393397
1613772 117122
1526507 655788
1741635 782000
1147562 357706
1775577 837983
1806904 1078663
1652015 1065278
1705118 544137
1342267 411126
1595806 1540851
1329977 830085
1089500 729325
1500246 402039
1405527 79218
1341544 955072
1971497 1180712
1684394 900597
1470549 1009209
1693208 597890
1453771 1022449
1417697 684156
1799876 1560828
1711082 482837
1195044 588733
1100941 137372
1724383 355932
1433570 294843
1309065 1079158
1274540 843235
1033439 136826
1216529 955438
1255673 1069781
1019143 17086
1186293 294319
1630097 1118886
1631157 1350914
1828358 427315
1931820 1415241
1032021 326197
1107448 174188
1605439 1041764
1002279 320990
1276861 130892
1099135 313678
1402717 378102
1459898 125750
1514961 855471
1433570 93858
1072764 1019601
1745381 1675638
1941808 1450662
1961267 251747
1616843 1266824
1744694 1248212
1755982 752429
1008097 659136
1090354 603371
1947143 791802
1894298 512066
1695309 961470
1702106 422644
1112782 710252
1942618 244393
1490098 1284828
1255611 919720
1622307 202013
1465135 758567
1415579 1006377
1271773 561863
1694881 75716
1171337 510935
1190137 942859
1132005 382831
1304835 1068717
1943101 1412279
1017975 514696
1813636 123771
1036523 285463
1963443 1957218
1816999 1800437
1218084 10035
1981019 1958317
1283060 952692
1068024 378387
1217498 238647
1551311 836411
1992382 480218
1094039 1053496
1102593 132802
1287625 373690
1030638 188548
1793560 560795
1949550 931724
1696762 333264
1579212 1116444
1321075 176603
1044080 58904
1865012 1427333
1459206 1277683
1435177 956070
1740227 396085
1074580 517108
1733203 376736
1954140 415219
1736101 1508600
1756154 323799
1349098 787786
1893380 1748070
1540906 20405
1696996 1688599
1556725 116998
1242345 111672
1944952 379024
1665681 968860
1562409 977886
1199068 441151
1310803 1284609
1609475 739799
1571966 1498784
1264328 557770
1703010 34150
1391651 1368695
1854009 347070
1666835 1542815
1126542 153384
1703113 1427407
1378760 110542
1578548 1215517
1212833 881938
1939964 1536542
1757639 628556
1372008 418426
1874907 1468773
1407392 321205
1552425 54372
1246123 813861
1010144 35304
1276400 773704
1319438 390462
1957414 583010
1864679 1752774
1866832 1684886
1717054 231107
1694834 614718
1283958 478903
1821275 1634416
1759206 515241
1868029 741357
1058206 284060
1667312 634549
1992816 364685
1634653 107027
1273391 746767
1313298 655585
1238277 430188
1324735 410591
1133079 261320
1161460 541711
1348802 153298
1888598 1312615
1247328 328391
1491574 481997
1700644 177757
1236374 1146679
1842049 967455
1566108 1166702
1402962 623756
1280768 868366
1047482 881395
1721370 869713
1449720 1430911
1882874 1338171
1545985 1235742
1522792 1037221
1295881 825005
1953617 1643031
1383392 765051
1417545 1405902
1114280 429213
1651409 260473
1949593 396727
1916123 1852854
1583456 1240405
1590566 1403608
1735713 1122257
1677129 471727
1907944 623010
1999173 1474923
1833468 232372
1440636 1148018
1170288 70574
1520681 907570
1200808 507536
1594730 605499
1925054 991564
1853319 6897
1186813 440241
1186875 876644
1536414 1419926
1220692 381143
1280645 828971
1487033 1393625
1433858 1298448
1587352 281549
1712251 818262
1625257 1358002
1146437 1047799
1472493 587594
1837029 1479519
1543922 1049047
1807042 163086
1535737 954610
1088641 153062
1575768 1240729
1015511 333246
1060068 803262
1765696 992908
1529752 594923
1367810 424770
1070958 930710
1865337 858414
1841485 1362446
1404697 1265573
1313937 1204644
1287375 899422
1179576 988672
1935267 805691
1797979 316519
1429003 814040
1557214 131486
1253786 798812
1097902 769699
1032754 465869
1787263 314888
1836420 1048320
1171766 515449
1060610 221508
1107042 652793
1098670 811516
1765550 711925
1613238 1327565
1572557 232495
1144847 308475
1718209 1180897
1581309 497513
1849906 1696524
1848721 142236
1562288 286326
1105311 707527
1340711 929084
1342370 1256732
1731372 287812
1287422 1281489
1973614 1809674
1812366 781598
1927887 1202846
1960352 1491281
1576987 613967
1854220 1484282
1944301 425661
1616023 360360
1589472 1438764
1785909 1464107
1789464 2863
1027820 1019069
1190557 1154925
1824322 335476
1260028 820312
1875999 194312
1691858 535598
1055772 530501
1614522 153999
1985953 1898842
1574885 1443527
1690163 1262400
1305507 2598
1349349 543389
1255020 170958
1111460 1076919
1662831 686593
1136915 673502
1706836 1535477
1683192 237623
1344512 1170955
1547159 604671
1311837 794121
1706446 972725
1969396 229756
1903798 1476545
1078537 711048
1503994 715758
1799878 384071
1346899 1072688
1990685 1763331
1481834 417367
1452196 295918
1403994 578579
1096749 92358
1077331 245781
1554918 460458
1226703 171533
1227189 583264
1797574 394240
1346039 769878
1905364 1841751
1713160 1602079
1806425 1745410
1605431 1206444
1586817 853315
1478754 297982
1288949 739496
1061954 270019
1874338 746514
1796264 439322
1427803 1038277
1433785 966970
1463180 1086760
1335181 732030
1450486 699011
1095480 998779
1671567 1569796
1778940 1635540
1769996 1035241
1965732 1279347
1452117 1376411
1812454 1168639
1058014 413301
1181200 873316
1270188 326511
1035581 1004536
1761462 803306
1822038 16150
1749528 526234
1147717 1049654
1099175 297417
1658030 227047
1097940 539389
1973570 874257
1202594 105882
1229464 145787
1201788 519559
1432273 568527
1331524 746145
1490167 1267335
1757071 1040181
1712099 801462
1945566 758280
1471798 1346897
1965807 692628
1260405 1199624
1652105 325840
1739854 1222680
1602376 1368873
1261735 942536
1796787 949453
1644980 1061300
1589786 804452
1806293 704931
1543589 1533212
1551298 87798
1209720 1208781
1698623 878655
1978587 115631
1723983 1073211
1461223 661131
1339146 756988
1647728 928805
1364510 1094044
1019289 417037
1330940 1194305
1479896 394268
1840414 1603967
1937778 1443728
1746522 824575
1985977 524750
1398865 899113
1831049 329480
1741186 495923
1125116 826901
1851486 1795677
1398453 141240
1262664 948063
1107717 422573
1472449 161660
1752188 704140
1867461 869734
1389370 889946
1387770 174573
1921974 962004
1852527 1808145
1393013 557577
1057717 1008642
1883803 398989
1773959 196246
1305202 485565
1793968 431870
1329454 1035211
1152167 1008953
1115390 454979
1902385 1057166
1832050 1709705
1529799 1086615
1109749 299397
1456595 1392604
1557910 753097
1780587 881741
1385961 201531
1019651 886747
1552726 251176
1979520 1329406
1265237 541021
1567890 710019
1440804 679915
1429508 238129
1776165 114025
1367570 728608
1371042 218185
1022390 317969
1937512 1107091
1921297 1560911
1299433 774542
1346070 1070188
1500101 811881
1941709 205426
1290476 1271185
1921626 1418268
1590114 1102794
1536488 101285
1374958 930683
1900329 841382
1492657 145910
1639833 619564
1760398 1094038
1100014 784221
1678737 875186
1565612 82035
1087287 854205
1271885 650284
1875415 267433
1957945 487649
1828109 1490630
1660287 1521600
1136192 496404
1002307 668239
